% -------------------------------------------------------------------
%  Generated by MATLAB on 13-Jun-2018 14:43:57
%  MATLAB version: 8.4.0.150421 (R2014b)
% -------------------------------------------------------------------
                                            

Wlearn = [0.029554942192979317; 0.0022371050937274933; -0.041724038154835968; ...
          -0.0043502673343674119; 0.00063253493004961027; 0.033410182052660949; ...
          -0.18650075423504064; 0.023543960705900858; 1.6823916519590327; ...
          0.00030336660850810237; 5.76498257950619E-5; -5.8135490219026112E-6; ...
          -0.70487197487177033; -0.0002981689022441317; -5.749428483573907E-5; ...
          5.8112501122770255E-6];

